%YAML:1.0
CM1: !!opencv-matrix
   rows: 3
   cols: 3
   dt: d
   data: [ 5.0911817234783626e+02, 0., 3.1949999656628626e+02, 0.,
       1.4852838425374691e+02, 2.3950000086691463e+02, 0., 0., 1. ]
D1: !!opencv-matrix
   rows: 1
   cols: 5
   dt: d
   data: [ -1.4486182657518618e-02, 4.8771701721789031e-05,
       2.1396422334415185e-03, -3.3566610162185680e-04,
       -3.9448033885889344e-08 ]
Image Points :
   - 2.33401611e+02
   - 4.17018982e+02
   - 2.33609589e+02
   - 3.99387756e+02
   - 2.33621979e+02
   - 3.82974884e+02
   - 2.33910751e+02
   - 3.65676025e+02
   - 2.34179413e+02
   - 3.49196442e+02
   - 2.34471420e+02
   - 3.32585846e+02
   - 2.35102127e+02
   - 3.15913361e+02
   - 2.35366165e+02
   - 2.99749817e+02
   - 2.35399597e+02
   - 2.83513062e+02
   - 2.49955338e+02
   - 4.16530518e+02
   - 2.50265228e+02
   - 3.99286438e+02
   - 2.50501205e+02
   - 3.82583954e+02
   - 2.50824554e+02
   - 3.65477966e+02
   - 2.51124557e+02
   - 3.49218018e+02
   - 2.51365189e+02
   - 3.32321259e+02
   - 2.51492874e+02
   - 3.15781830e+02
   - 2.51519775e+02
   - 2.99779327e+02
   - 2.51696732e+02
   - 2.83510254e+02
   - 2.66890411e+02
   - 4.15948151e+02
   - 2.67222595e+02
   - 3.99131561e+02
   - 2.67400116e+02
   - 3.82116547e+02
   - 2.67431366e+02
   - 3.65327393e+02
   - 2.67434845e+02
   - 3.49109436e+02
   - 2.67616364e+02
   - 3.32234375e+02
   - 2.67662231e+02
   - 3.15822815e+02
   - 2.67782898e+02
   - 2.99743958e+02
   - 2.67743652e+02
   - 2.83561188e+02
   - 2.83658234e+02
   - 4.15624451e+02
   - 2.83664459e+02
   - 3.98679077e+02
   - 2.83679535e+02
   - 3.81664459e+02
   - 2.83625549e+02
   - 3.65303772e+02
   - 2.83736969e+02
   - 3.48943085e+02
   - 2.83791901e+02
   - 3.32180634e+02
   - 2.83951294e+02
   - 3.15671753e+02
   - 2.83870636e+02
   - 2.99755737e+02
   - 2.84011261e+02
   - 2.83492859e+02
   - 2.99863190e+02
   - 4.15262482e+02
   - 2.99886597e+02
   - 3.98201111e+02
   - 2.99855896e+02
   - 3.81505432e+02
   - 2.99926544e+02
   - 3.65125305e+02
   - 2.99927612e+02
   - 3.48554565e+02
   - 2.99926880e+02
   - 3.31958862e+02
   - 2.99989929e+02
   - 3.15739594e+02
   - 3.00193176e+02
   - 2.99677155e+02
   - 3.00087799e+02
   - 2.83606750e+02
   - 3.16804321e+02
   - 4.14949249e+02
   - 3.16647644e+02
   - 3.97831055e+02
   - 3.16375610e+02
   - 3.81363739e+02
   - 3.16364746e+02
   - 3.64800629e+02
   - 3.16431274e+02
   - 3.48378357e+02
   - 3.16251953e+02
   - 3.31823181e+02
   - 3.16326599e+02
   - 3.15647491e+02
   - 3.16179871e+02
   - 2.99715973e+02
   - 3.16162170e+02
   - 2.83502960e+02
   - 2.18849304e+02
   - 4.18509125e+02
   - 2.18472717e+02
   - 4.03156616e+02
   - 2.18478104e+02
   - 3.87577271e+02
   - 2.18698853e+02
   - 3.71465637e+02
   - 2.18782028e+02
   - 3.55640778e+02
   - 2.19049423e+02
   - 3.39269409e+02
   - 2.18932068e+02
   - 3.22844482e+02
   - 2.18979553e+02
   - 3.05967377e+02
   - 2.18839554e+02
   - 2.89148987e+02
   - 2.35784485e+02
   - 4.19174194e+02
   - 2.35906128e+02
   - 4.03018036e+02
   - 2.36133301e+02
   - 3.87716370e+02
   - 2.36090088e+02
   - 3.71690125e+02
   - 2.36496857e+02
   - 3.55639923e+02
   - 2.36772186e+02
   - 3.39440216e+02
   - 2.37157013e+02
   - 3.23245880e+02
   - 2.37045685e+02
   - 3.06661285e+02
   - 2.37449661e+02
   - 2.89567902e+02
   - 2.53231232e+02
   - 4.18658997e+02
   - 2.53468628e+02
   - 4.03054932e+02
   - 2.53460556e+02
   - 3.87531006e+02
   - 2.53852539e+02
   - 3.71711029e+02
   - 2.53839752e+02
   - 3.55854919e+02
   - 2.54832199e+02
   - 3.39532471e+02
   - 2.54902725e+02
   - 3.23469116e+02
   - 2.55416565e+02
   - 3.07313660e+02
   - 2.55565460e+02
   - 2.90033325e+02
   - 2.69959198e+02
   - 4.18832458e+02
   - 2.70582520e+02
   - 4.03021790e+02
   - 2.71073456e+02
   - 3.87267120e+02
   - 2.71362701e+02
   - 3.71499084e+02
   - 2.71743530e+02
   - 3.56098297e+02
   - 2.72116486e+02
   - 3.40081116e+02
   - 2.73027466e+02
   - 3.23616455e+02
   - 2.73342560e+02
   - 3.07549835e+02
   - 2.73731110e+02
   - 2.90581848e+02
   - 2.87494324e+02
   - 4.18198425e+02
   - 2.87433838e+02
   - 4.02777252e+02
   - 2.87802002e+02
   - 3.87425232e+02
   - 2.89072754e+02
   - 3.71843658e+02
   - 2.89200623e+02
   - 3.56615753e+02
   - 2.89725983e+02
   - 3.40465515e+02
   - 2.90521606e+02
   - 3.24225281e+02
   - 2.91270142e+02
   - 3.07990295e+02
   - 2.91709198e+02
   - 2.91261169e+02
   - 3.03615784e+02
   - 4.18641876e+02
   - 3.04565308e+02
   - 4.02581573e+02
   - 3.05438782e+02
   - 3.87277649e+02
   - 3.05701263e+02
   - 3.71934174e+02
   - 3.07107269e+02
   - 3.56693268e+02
   - 3.07404755e+02
   - 3.40880920e+02
   - 3.08230316e+02
   - 3.24852875e+02
   - 3.09199402e+02
   - 3.08411224e+02
   - 3.09799377e+02
   - 2.91571930e+02
   - 2.13822449e+02
   - 4.17104492e+02
   - 2.15321671e+02
   - 3.97374664e+02
   - 2.16344940e+02
   - 3.79225739e+02
   - 2.17725601e+02
   - 3.61117371e+02
   - 2.18878098e+02
   - 3.43622833e+02
   - 2.19951126e+02
   - 3.26921936e+02
   - 2.21295044e+02
   - 3.10582001e+02
   - 2.22376038e+02
   - 2.95193542e+02
   - 2.23428970e+02
   - 2.79387817e+02
   - 2.33240723e+02
   - 4.16742279e+02
   - 2.34019455e+02
   - 3.97497681e+02
   - 2.35194061e+02
   - 3.79199768e+02
   - 2.35887924e+02
   - 3.61290619e+02
   - 2.37143936e+02
   - 3.43739746e+02
   - 2.37768539e+02
   - 3.27175751e+02
   - 2.38762711e+02
   - 3.10822296e+02
   - 2.39521439e+02
   - 2.95233276e+02
   - 2.40182541e+02
   - 2.79689148e+02
   - 2.51858765e+02
   - 4.16617859e+02
   - 2.52974335e+02
   - 3.97473907e+02
   - 2.53533112e+02
   - 3.79289398e+02
   - 2.53928146e+02
   - 3.61306763e+02
   - 2.54828552e+02
   - 3.43973358e+02
   - 2.55455994e+02
   - 3.27265533e+02
   - 2.55711761e+02
   - 3.11299438e+02
   - 2.56444244e+02
   - 2.95525604e+02
   - 2.57166473e+02
   - 2.80099030e+02
   - 2.71342499e+02
   - 4.16445770e+02
   - 2.71554016e+02
   - 3.97393646e+02
   - 2.71699402e+02
   - 3.79413055e+02
   - 2.71910400e+02
   - 3.61435516e+02
   - 2.72368622e+02
   - 3.44394196e+02
   - 2.72877502e+02
   - 3.27490784e+02
   - 2.73211792e+02
   - 3.11436157e+02
   - 2.73468201e+02
   - 2.95841736e+02
   - 2.73628601e+02
   - 2.80668457e+02
   - 2.89669067e+02
   - 4.16240936e+02
   - 2.89719086e+02
   - 3.97461700e+02
   - 2.89726105e+02
   - 3.79345581e+02
   - 2.89770294e+02
   - 3.61474365e+02
   - 2.89774200e+02
   - 3.44481689e+02
   - 2.89798309e+02
   - 3.27561035e+02
   - 2.89843658e+02
   - 3.11659454e+02
   - 2.89832886e+02
   - 2.96326416e+02
   - 2.89949738e+02
   - 2.81162506e+02
   - 3.08439911e+02
   - 4.16137848e+02
   - 3.07890869e+02
   - 3.97427216e+02
   - 3.07682129e+02
   - 3.79401398e+02
   - 3.07602600e+02
   - 3.61516022e+02
   - 3.07475311e+02
   - 3.44564850e+02
   - 3.07285278e+02
   - 3.27614410e+02
   - 3.07071869e+02
   - 3.11638855e+02
   - 3.06839386e+02
   - 2.96644012e+02
   - 3.06437073e+02
   - 2.81380737e+02
   - 2.17912079e+02
   - 4.24124390e+02
   - 2.19607254e+02
   - 4.03976044e+02
   - 2.21214706e+02
   - 3.84748016e+02
   - 2.22821671e+02
   - 3.65320953e+02
   - 2.24411407e+02
   - 3.46478882e+02
   - 2.26016190e+02
   - 3.27498383e+02
   - 2.27521347e+02
   - 3.08937408e+02
   - 2.29333786e+02
   - 2.90716797e+02
   - 2.30873886e+02
   - 2.72565094e+02
   - 2.34379623e+02
   - 4.22784912e+02
   - 2.35822296e+02
   - 4.03430969e+02
   - 2.37406342e+02
   - 3.84378571e+02
   - 2.38657608e+02
   - 3.65399872e+02
   - 2.40326675e+02
   - 3.47109589e+02
   - 2.41607788e+02
   - 3.28503998e+02
   - 2.43416519e+02
   - 3.10351959e+02
   - 2.44688812e+02
   - 2.92599945e+02
   - 2.46404037e+02
   - 2.74655701e+02
   - 2.49963470e+02
   - 4.21507385e+02
   - 2.51242538e+02
   - 4.02340118e+02
   - 2.52414093e+02
   - 3.83967377e+02
   - 2.53826462e+02
   - 3.65414764e+02
   - 2.55333664e+02
   - 3.47428711e+02
   - 2.56821899e+02
   - 3.29373627e+02
   - 2.58167542e+02
   - 3.11622131e+02
   - 2.59747498e+02
   - 2.94455963e+02
   - 2.61155060e+02
   - 2.76989685e+02
   - 2.64922943e+02
