%YAML:1.0
CM1: !!opencv-matrix
   rows: 3
   cols: 3
   dt: d
   data: [ 6.0224527161858805e+02, 0., 3.2439443403192865e+02, 0.,
       5.9713040555956593e+02, 2.6282845829055145e+02, 0., 0., 1. ]
D1: !!opencv-matrix
   rows: 1
   cols: 5
   dt: d
   data: [ -2.6405838055588987e-01, 3.2976755207626942e+00,
       1.1431152715204822e-02, 5.9457681221651258e-03,
       -1.3476273582400591e+01 ]
Image Points:
   - 2.34735489e+02
   - 4.33488037e+02
   - 2.35347504e+02
   - 4.12659363e+02
   - 2.35741684e+02
   - 3.92505859e+02
   - 2.36261292e+02
   - 3.72172699e+02
   - 2.36576904e+02
   - 3.52280792e+02
   - 2.37098816e+02
   - 3.32132477e+02
   - 2.37415390e+02
   - 3.12316223e+02
   - 2.37914490e+02
   - 2.92918488e+02
   - 2.38369141e+02
   - 2.73155182e+02
   - 2.55100098e+02
   - 4.32764679e+02
   - 2.55140274e+02
   - 4.11822632e+02
   - 2.55794724e+02
   - 3.92352142e+02
   - 2.56206268e+02
   - 3.72106812e+02
   - 2.56509827e+02
   - 3.52303680e+02
   - 2.56755341e+02
   - 3.32312378e+02
   - 2.57360077e+02
   - 3.12566071e+02
   - 2.57496185e+02
   - 2.93228302e+02
   - 2.58112823e+02
   - 2.73572174e+02
   - 2.74881744e+02
   - 4.32411102e+02
   - 2.75273346e+02
   - 4.11834534e+02
   - 2.75509338e+02
   - 3.91847260e+02
   - 2.75858063e+02
   - 3.71842773e+02
   - 2.76176666e+02
   - 3.52305511e+02
   - 2.76496552e+02
   - 3.32492065e+02
   - 2.76743958e+02
   - 3.12862823e+02
   - 2.77227051e+02
   - 2.93616913e+02
   - 2.77466675e+02
   - 2.73938354e+02
   - 2.94837097e+02
   - 4.31676666e+02
   - 2.94901825e+02
   - 4.11550293e+02
   - 2.95211426e+02
   - 3.91592346e+02
   - 2.95430786e+02
   - 3.71681671e+02
   - 2.95700317e+02
   - 3.52272308e+02
   - 2.95993927e+02
   - 3.32561920e+02
   - 2.96346527e+02
   - 3.13037262e+02
   - 2.96644135e+02
   - 2.93983673e+02
   - 2.97071747e+02
   - 2.74306213e+02
   - 3.14181702e+02
   - 4.31228943e+02
   - 3.14353821e+02
   - 4.11042389e+02
   - 3.14410889e+02
   - 3.91374725e+02
   - 3.14734680e+02
   - 3.71585907e+02
   - 3.15118622e+02
   - 3.52248047e+02
   - 3.15444733e+02
   - 3.32713623e+02
   - 3.15590057e+02
   - 3.13344055e+02
   - 3.15973938e+02
   - 2.94202606e+02
   - 3.16257599e+02
   - 2.74775238e+02
   - 3.33410980e+02
   - 4.30520477e+02
   - 3.33617188e+02
   - 4.10693146e+02
   - 3.33693420e+02
   - 3.91151825e+02
   - 3.34005859e+02
   - 3.71506409e+02
   - 3.34295868e+02
   - 3.52410034e+02
   - 3.34505066e+02
   - 3.32807343e+02
   - 3.34714386e+02
   - 3.13507660e+02
   - 3.34959076e+02
   - 2.94535706e+02
   - 3.35210876e+02
   - 2.75230835e+02
   - 2.37337387e+02
   - 4.38079102e+02
   - 2.37382675e+02
   - 4.21593079e+02
   - 2.37152649e+02
   - 4.05433807e+02
   - 2.37260452e+02
   - 3.88512726e+02
   - 2.37244339e+02
   - 3.71437531e+02
   - 2.37261292e+02
   - 3.53589630e+02
   - 2.37159775e+02
   - 3.35518188e+02
   - 2.37243744e+02
   - 3.17146088e+02
   - 2.37184372e+02
   - 2.98050171e+02
   - 2.56757538e+02
   - 4.38738739e+02
   - 2.56979919e+02
   - 4.21255707e+02
   - 2.56774750e+02
   - 4.04837616e+02
   - 2.57395508e+02
   - 3.88035889e+02
   - 2.57619415e+02
   - 3.70974487e+02
   - 2.57824951e+02
   - 3.53285278e+02
   - 2.58153168e+02
   - 3.35428009e+02
   - 2.58305267e+02
   - 3.17246796e+02
   - 2.58686401e+02
   - 2.97987061e+02
   - 2.76323578e+02
   - 4.37437653e+02
   - 2.76556732e+02
   - 4.20493225e+02
   - 2.76936676e+02
   - 4.04301666e+02
   - 2.77620026e+02
   - 3.87483612e+02
   - 2.77894623e+02
   - 3.70506195e+02
   - 2.78441315e+02
   - 3.53167908e+02
   - 2.78905670e+02
   - 3.35235535e+02
   - 2.79525208e+02
   - 3.17111420e+02
   - 2.79854034e+02
   - 2.98061707e+02
   - 2.95335144e+02
   - 4.37392883e+02
   - 2.95972931e+02
   - 4.19661957e+02
   - 2.96754913e+02
   - 4.03476624e+02
   - 2.97301178e+02
   - 3.86648773e+02
   - 2.98182526e+02
   - 3.70121735e+02
   - 2.98807526e+02
   - 3.52655182e+02
   - 2.99624725e+02
   - 3.34925507e+02
   - 3.00447205e+02
   - 3.17225098e+02
   - 3.01309296e+02
   - 2.98131439e+02
   - 3.14476898e+02
   - 4.35169922e+02
   - 3.15213837e+02
   - 4.18700897e+02
   - 3.16159821e+02
   - 4.02554779e+02
   - 3.17193695e+02
   - 3.86166534e+02
   - 3.18143402e+02
   - 3.69821442e+02
   - 3.19204346e+02
   - 3.52608002e+02
   - 3.20079163e+02
   - 3.34685608e+02
   - 3.21187469e+02
   - 3.16876099e+02
   - 3.22239227e+02
   - 2.98041840e+02
   - 3.33252686e+02
   - 4.34331146e+02
   - 3.34199341e+02
   - 4.17814972e+02
   - 3.35436066e+02
   - 4.01870361e+02
   - 3.36627960e+02
   - 3.85695343e+02
   - 3.37905823e+02
   - 3.69328308e+02
   - 3.39118744e+02
   - 3.52257385e+02
   - 3.40399200e+02
   - 3.34537781e+02
   - 3.41803009e+02
   - 3.16745087e+02
   - 3.43106720e+02
   - 2.97869812e+02
   - 2.07231415e+02
   - 4.34565674e+02
   - 2.08401596e+02
   - 4.13516388e+02
   - 2.09420212e+02
   - 3.93517700e+02
   - 2.10558548e+02
   - 3.73802673e+02
   - 2.11554306e+02
   - 3.55361145e+02
   - 2.12638657e+02
   - 3.37102417e+02
   - 2.13563339e+02
   - 3.19796021e+02
   - 2.14582123e+02
   - 3.03223114e+02
   - 2.15432816e+02
   - 2.86757843e+02
   - 2.28880798e+02
   - 4.34336945e+02
   - 2.29555984e+02
   - 4.13477600e+02
   - 2.30294876e+02
   - 3.93519653e+02
   - 2.30889359e+02
   - 3.74011658e+02
   - 2.31604797e+02
   - 3.55513763e+02
   - 2.32190552e+02
   - 3.37505035e+02
   - 2.32875076e+02
   - 3.19894836e+02
   - 2.33398285e+02
   - 3.03494019e+02
   - 2.34029846e+02
   - 2.87127777e+02
   - 2.50250595e+02
   - 4.34000549e+02
   - 2.50505295e+02
   - 4.13293579e+02
   - 2.50903366e+02
   - 3.93624390e+02
   - 2.51119385e+02
   - 3.74211639e+02
   - 2.51371155e+02
   - 3.55736603e+02
   - 2.51655807e+02
   - 3.37733582e+02
   - 2.51919891e+02
   - 3.20453583e+02
   - 2.52212494e+02
   - 3.03811493e+02
   - 2.52406097e+02
   - 2.87635681e+02
   - 2.71644409e+02
   - 4.33823425e+02
   - 2.71408661e+02
   - 4.13385284e+02
   - 2.71380890e+02
   - 3.93692780e+02
   - 2.71238983e+02
   - 3.74459106e+02
   - 2.71149384e+02
   - 3.56011536e+02
   - 2.71009827e+02
   - 3.37988861e+02
   - 2.70985382e+02
   - 3.20877197e+02
   - 2.70903290e+02
   - 3.04156677e+02
   - 2.70794678e+02
   - 2.87862915e+02
   - 2.92622406e+02
   - 4.33675446e+02
   - 2.92083221e+02
   - 4.13384399e+02
   - 2.91563477e+02
   - 3.93698792e+02
   - 2.91081573e+02
   - 3.74481049e+02
   - 2.90650909e+02
   - 3.55995422e+02
   - 2.90287140e+02
   - 3.38095581e+02
   - 2.89762115e+02
   - 3.21045593e+02
   - 2.89398773e+02
   - 3.04656494e+02
   - 2.89118042e+02
   - 2.88374878e+02
   - 3.13491119e+02
   - 4.33635345e+02
   - 3.12480865e+02
   - 4.13255463e+02
   - 3.11622772e+02
   - 3.93611237e+02
   - 3.10816071e+02
   - 3.74444641e+02
   - 3.10062805e+02
   - 3.56118408e+02
   - 3.09329254e+02
   - 3.38277557e+02
   - 3.08455536e+02
   - 3.21273041e+02
   - 3.07907135e+02
   - 3.04894989e+02
   - 3.07175323e+02
   - 2.88785278e+02
   - 2.40580032e+02
   - 4.49049011e+02
   - 2.40738068e+02
   - 4.26649811e+02
   - 2.41609848e+02
   - 4.05087128e+02
   - 2.41654221e+02
   - 3.83145081e+02
   - 2.42221558e+02
   - 3.61800690e+02
   - 2.42608032e+02
   - 3.40385193e+02
   - 2.42978012e+02
   - 3.19287567e+02
   - 2.43589035e+02
   - 2.98678589e+02
   - 2.44305466e+02
   - 2.77716522e+02
   - 2.56059631e+02
   - 4.45833099e+02
   - 2.56164490e+02
   - 4.24230011e+02
   - 2.56075134e+02
   - 4.03406830e+02
   - 2.56857849e+02
   - 3.81779602e+02
   - 2.57327972e+02
   - 3.61156738e+02
   - 2.57599548e+02
   - 3.40220245e+02
   - 2.58187134e+02
   - 3.19677216e+02
   - 2.58708466e+02
   - 2.99512817e+02
   - 2.59054871e+02
   - 2.79276550e+02
   - 2.70717407e+02
   - 4.42802429e+02
   - 2.70685699e+02
   - 4.21799866e+02
   - 2.70795868e+02
   - 4.01142700e+02
   - 2.71237457e+02
   - 3.80477081e+02
   - 2.71615692e+02
   - 3.60345306e+02
   - 2.72033112e+02
   - 3.40186310e+02
   - 2.72365784e+02
   - 3.20091827e+02
   - 2.72944489e+02
   - 3.00545258e+02
   - 2.73307922e+02
   - 2.80538116e+02
   - 2.84715057e+02
