%YAML:1.0
CM1: !!opencv-matrix
   rows: 3
   cols: 3
   dt: d
   data: [ 6.1354402567236252e+02, 0., 3.1595980610648570e+02, 0.,
       6.1577529802633740e+02, 2.3997457169410342e+02, 0., 0., 1. ]
D1: !!opencv-matrix
   rows: 1
   cols: 5
   dt: d
   data: [ -1.1729912191350700e-01, 8.4111744109200992e-01,
       2.9473720387629700e-03, -5.1059886332787434e-03,
       -1.3841699590728513e+00 ]
Image Points:
   - 2.41283630e+02
   - 1.82157639e+02
   - 2.68729065e+02
   - 1.77153976e+02
   - 2.96374268e+02
   - 1.71427353e+02
   - 3.25470215e+02
   - 1.65727692e+02
   - 3.55115997e+02
   - 1.59758881e+02
   - 3.86757202e+02
   - 1.53582535e+02
   - 4.19706604e+02
   - 1.47322189e+02
   - 4.53467377e+02
   - 1.40546753e+02
   - 4.89610382e+02
   - 1.33231354e+02
   - 2.46425934e+02
   - 2.12560547e+02
   - 2.73716949e+02
   - 2.07697037e+02
   - 3.01117126e+02
   - 2.02939590e+02
   - 3.30030304e+02
   - 1.97707397e+02
   - 3.60278778e+02
   - 1.92664825e+02
   - 3.92061493e+02
   - 1.87302414e+02
   - 4.24892029e+02
   - 1.81838272e+02
   - 4.58590210e+02
   - 1.75857407e+02
   - 4.95397186e+02
   - 1.69664764e+02
   - 2.51493530e+02
   - 2.42260391e+02
   - 2.78737305e+02
   - 2.38532303e+02
   - 3.06518585e+02
   - 2.33959625e+02
   - 3.35359833e+02
   - 2.29906097e+02
   - 3.65444519e+02
   - 2.25657745e+02
   - 3.96822571e+02
   - 2.20886108e+02
   - 4.30139099e+02
   - 2.15942078e+02
   - 4.63615143e+02
   - 2.11436615e+02
   - 5.00153259e+02
   - 2.06201965e+02
   - 2.56543152e+02
   - 2.72696045e+02
   - 2.83638062e+02
   - 2.69193542e+02
   - 3.11569824e+02
   - 2.65888306e+02
   - 3.40587738e+02
   - 2.62017395e+02
   - 3.70375244e+02
   - 2.58574493e+02
   - 4.01863525e+02
   - 2.54560577e+02
   - 4.34690674e+02
   - 2.50817520e+02
   - 4.68691254e+02
   - 2.46797699e+02
   - 5.05318909e+02
   - 2.42493362e+02
   - 2.61293549e+02
   - 3.02578552e+02
   - 2.88659760e+02
   - 3.00015472e+02
   - 3.16360596e+02
   - 2.96889526e+02
   - 3.45348114e+02
   - 2.94534668e+02
   - 3.74592072e+02
   - 2.91522156e+02
   - 4.06140045e+02
   - 2.88778687e+02
   - 4.39327209e+02
   - 2.85653870e+02
   - 4.73485565e+02
   - 2.82013367e+02
   - 5.10525757e+02
   - 2.78723389e+02
   - 2.66622650e+02
   - 3.32309387e+02
   - 2.93395660e+02
   - 3.30308075e+02
   - 3.21050140e+02
   - 3.28393646e+02
   - 3.49576477e+02
   - 3.26445282e+02
   - 3.79314819e+02
   - 3.24483398e+02
   - 4.10843414e+02
   - 3.22329895e+02
   - 4.43761322e+02
   - 3.19897766e+02
   - 4.78247528e+02
   - 3.17719482e+02
   - 5.15048462e+02
   - 3.15159515e+02
   - 2.49547607e+02
   - 2.01615875e+02
   - 2.78465271e+02
   - 1.99073883e+02
   - 3.07201111e+02
   - 1.95892502e+02
   - 3.36963196e+02
   - 1.93176468e+02
   - 3.66258850e+02
   - 1.90397217e+02
   - 3.96270355e+02
   - 1.87761719e+02
   - 4.25746002e+02
   - 1.85387085e+02
   - 4.55590424e+02
   - 1.82529953e+02
   - 4.86027405e+02
   - 1.79761093e+02
   - 2.51685379e+02
   - 2.30956970e+02
   - 2.80797333e+02
   - 2.27945312e+02
   - 3.09592194e+02
   - 2.25444412e+02
   - 3.39477081e+02
   - 2.22599945e+02
   - 3.68989929e+02
   - 2.20074570e+02
   - 3.98805023e+02
   - 2.17639832e+02
   - 4.28631866e+02
   - 2.15005707e+02
   - 4.58254669e+02
   - 2.12396103e+02
   - 4.88899658e+02
   - 2.09627319e+02
   - 2.54090073e+02
   - 2.59960510e+02
   - 2.83237274e+02
   - 2.57537689e+02
   - 3.12262756e+02
   - 2.54831635e+02
   - 3.41946533e+02
   - 2.52304062e+02
   - 3.71668915e+02
   - 2.49823898e+02
   - 4.01462982e+02
   - 2.47262787e+02
   - 4.31417236e+02
   - 2.44861328e+02
   - 4.61466461e+02
   - 2.42127228e+02
   - 4.92183014e+02
   - 2.39565018e+02
   - 2.56492676e+02
   - 2.89580902e+02
   - 2.85681366e+02
   - 2.87162842e+02
   - 3.14899780e+02
   - 2.84988464e+02
   - 3.44783722e+02
   - 2.82160706e+02
   - 3.74222107e+02
   - 2.79662659e+02
   - 4.04418610e+02
   - 2.77313690e+02
   - 4.34440155e+02
   - 2.74870819e+02
   - 4.64443451e+02
   - 2.72439606e+02
   - 4.95401306e+02
   - 2.69817749e+02
   - 2.59019623e+02
   - 3.19258331e+02
   - 2.88351379e+02
   - 3.17046600e+02
   - 3.17452515e+02
   - 3.14483032e+02
   - 3.47274414e+02
   - 3.12332825e+02
   - 3.76859558e+02
   - 3.10069061e+02
   - 4.06962402e+02
   - 3.07610107e+02
   - 4.37322998e+02
   - 3.05312378e+02
   - 4.67403168e+02
   - 3.02873444e+02
   - 4.98562958e+02
   - 3.00595642e+02
   - 2.61522583e+02
   - 3.48763702e+02
   - 2.90665344e+02
   - 3.46540192e+02
   - 3.19803741e+02
   - 3.44532471e+02
   - 3.49728973e+02
   - 3.42508087e+02
   - 3.79249725e+02
   - 3.40291382e+02
   - 4.09761597e+02
   - 3.37932587e+02
   - 4.40327026e+02
   - 3.35771027e+02
   - 4.70602936e+02
   - 3.33735504e+02
   - 5.01761078e+02
   - 3.31399078e+02
   - 2.79110321e+02
   - 1.79388382e+02
   - 3.10431427e+02
   - 1.79448303e+02
   - 3.40143463e+02
   - 1.79373215e+02
   - 3.69395721e+02
   - 1.79520538e+02
   - 3.97101074e+02
   - 1.80099304e+02
   - 4.23658112e+02
   - 1.80406052e+02
   - 4.48615112e+02
   - 1.80911819e+02
   - 4.74896088e+02
   - 1.81333313e+02
   - 4.99642303e+02
   - 1.81268677e+02
   - 2.80863556e+02
   - 2.11080536e+02
   - 3.11999390e+02
   - 2.10654617e+02
   - 3.42486816e+02
   - 2.10550903e+02
   - 3.71179932e+02
   - 2.09908905e+02
   - 3.98485748e+02
   - 2.09918274e+02
   - 4.24822845e+02
   - 2.10254532e+02
   - 4.50952332e+02
   - 2.09886902e+02
   - 4.76062073e+02
   - 2.09769211e+02
   - 5.01424286e+02
   - 2.09314987e+02
   - 2.82499054e+02
   - 2.43380478e+02
   - 3.13725800e+02
   - 2.42279617e+02
   - 3.43480774e+02
   - 2.41683243e+02
   - 3.72481506e+02
   - 2.40845383e+02
   - 4.00390717e+02
   - 2.39975891e+02
   - 4.27544556e+02
   - 2.39514740e+02
   - 4.53605499e+02
   - 2.38689850e+02
   - 4.79407135e+02
   - 2.38179581e+02
   - 5.04320801e+02
   - 2.37493179e+02
   - 2.84080719e+02
   - 2.76118958e+02
   - 3.15209167e+02
   - 2.74807587e+02
   - 3.44928894e+02
   - 2.73037994e+02
   - 3.74319946e+02
   - 2.71867645e+02
   - 4.02514709e+02
   - 2.70543915e+02
   - 4.30240814e+02
   - 2.69301575e+02
   - 4.56710907e+02
   - 2.67906158e+02
   - 4.82140564e+02
   - 2.67088013e+02
   - 5.07585632e+02
   - 2.65797791e+02
   - 2.86215424e+02
   - 3.08866516e+02
   - 3.17289459e+02
   - 3.07351196e+02
   - 3.47032318e+02
   - 3.05018372e+02
   - 3.76737915e+02
   - 3.03399414e+02
   - 4.05543793e+02
   - 3.01693909e+02
   - 4.33228302e+02
   - 2.99439026e+02
   - 4.59635559e+02
   - 2.97843964e+02
   - 4.84969055e+02
   - 2.96297211e+02
   - 5.10427979e+02
   - 2.94699707e+02
   - 2.87724121e+02
   - 3.42205383e+02
   - 3.19163818e+02
   - 3.39850464e+02
   - 3.49138123e+02
   - 3.36903992e+02
   - 3.79071838e+02
   - 3.34913696e+02
   - 4.07829987e+02
   - 3.32368530e+02
   - 4.35758942e+02
   - 3.30244812e+02
   - 4.62971527e+02
   - 3.28083862e+02
   - 4.88623169e+02
   - 3.25788849e+02
   - 5.13719849e+02
   - 3.23866516e+02
   - 2.80269287e+02
   - 1.99240875e+02
   - 3.04004303e+02
   - 1.97442184e+02
   - 3.28007874e+02
   - 1.95440979e+02
   - 3.53604645e+02
   - 1.93430328e+02
   - 3.79899567e+02
   - 1.91490829e+02
   - 4.08499695e+02
   - 1.89694061e+02
   - 4.37616089e+02
   - 1.87547073e+02
   - 4.66925354e+02
   - 1.85225479e+02
   - 4.98403046e+02
   - 1.82721786e+02
   - 2.80461426e+02
   - 2.26003983e+02
   - 3.04181122e+02
   - 2.24458847e+02
   - 3.28574860e+02
   - 2.23353867e+02
   - 3.54636932e+02
   - 2.21686752e+02
   - 3.81531464e+02
   - 2.20486771e+02
   - 4.09728699e+02
   - 2.19197144e+02
   - 4.38664276e+02
   - 2.17555222e+02
   - 4.68024384e+02
   - 2.15999268e+02
   - 4.99837982e+02
   - 2.14136169e+02
   - 2.80685699e+02
   - 2.52394211e+02
   - 3.04921356e+02
   - 2.51888443e+02
   - 3.29712524e+02
   - 2.50931656e+02
   - 3.56060730e+02
   - 2.50330673e+02
   - 3.82605988e+02
   - 2.49341415e+02
   - 4.10341400e+02
   - 2.48570648e+02
   - 4.39212646e+02
   - 2.47704727e+02
   - 4.68782227e+02
   - 2.46818298e+02
   - 5.00640228e+02
   - 2.45789673e+02
   - 2.81761353e+02
