%YAML:1.0
CM1: !!opencv-matrix
   rows: 3
   cols: 3
   dt: d
   data: [ 7.3993020745173374e+02, 0., 3.7776431105187197e+02, 0.,
       1.6175438316742238e+03, 3.9460571575998335e+02, 0., 0., 1. ]
D1: !!opencv-matrix
   rows: 1
   cols: 5
   dt: d
   data: [ -1.7026064146750695e+00, -2.1071414908101321e+01,
       3.9229777610834615e-01, 1.0496885224666339e-01,
       2.5475591941003569e+02 ]
